9.877707e-03
9.844772e-03
9.835855e-03
9.855978e-03
9.896267e-03
9.949092e-03
1.000938e-02
1.007387e-02
1.014045e-02
1.020777e-02
1.027489e-02
1.034120e-02
1.040629e-02
1.046989e-02
1.053180e-02
1.059190e-02
1.065014e-02
1.070647e-02
1.076088e-02
1.081335e-02
1.086391e-02
1.091258e-02
1.095939e-02
1.100435e-02
1.104752e-02
1.108894e-02
1.112861e-02
1.116660e-02
1.120294e-02
1.123766e-02
1.127081e-02
1.130240e-02
1.133248e-02
1.136110e-02
1.138826e-02
1.141402e-02
1.143840e-02
1.146143e-02
1.148314e-02
1.150356e-02
1.152272e-02
1.154064e-02
1.155734e-02
1.157287e-02
1.158723e-02
1.160045e-02
1.161256e-02
1.162356e-02
1.163350e-02
1.164239e-02
1.165025e-02
1.165709e-02
1.166294e-02
1.166781e-02
1.167172e-02
1.167469e-02
1.167675e-02
1.167789e-02
1.167814e-02
1.167752e-02
1.167603e-02
1.167370e-02
1.167053e-02
1.166656e-02
1.166177e-02
1.165619e-02
1.164982e-02
1.164270e-02
1.163482e-02
1.162619e-02
1.161684e-02
1.160677e-02
1.159599e-02
1.158451e-02
1.157235e-02
1.155951e-02
1.154601e-02
1.153185e-02
1.151704e-02
1.150159e-02
1.148553e-02
1.146884e-02
1.145154e-02
1.143366e-02
1.141517e-02
1.139610e-02
1.137646e-02
1.135625e-02
1.133548e-02
1.131417e-02
1.129231e-02
1.126993e-02
1.124701e-02
1.122357e-02
1.119962e-02
1.117517e-02
1.115022e-02
1.112478e-02
1.109886e-02
1.107245e-02
1.104559e-02
1.101825e-02
1.099045e-02
1.096222e-02
1.093353e-02
1.090441e-02
1.087486e-02
1.084487e-02
1.081447e-02
1.078365e-02
1.075243e-02
1.072080e-02
1.068878e-02
1.065637e-02
1.062357e-02
1.059040e-02
1.055684e-02
1.052292e-02
1.048862e-02
1.045398e-02
1.041899e-02
1.038363e-02
1.034795e-02
1.031191e-02
1.027555e-02
1.023887e-02
1.020185e-02
1.016452e-02
1.012687e-02
1.008891e-02
1.005065e-02
1.001210e-02
9.973238e-03
9.934092e-03
9.894659e-03
9.854946e-03
9.814954e-03
9.774691e-03
9.734158e-03
9.693362e-03
9.652305e-03
9.610994e-03
9.569431e-03
9.527621e-03
9.485569e-03
9.443276e-03
9.400751e-03
9.357993e-03
9.315011e-03
9.271804e-03
9.228380e-03
9.184742e-03
9.140892e-03
9.096836e-03
9.052577e-03
9.008120e-03
8.963467e-03
8.918623e-03
8.873591e-03
8.828376e-03
8.782981e-03
8.737410e-03
8.691668e-03
8.645755e-03
8.599678e-03
8.553439e-03
8.507042e-03
8.460491e-03
8.413789e-03
8.366941e-03
8.319949e-03
8.272817e-03
8.225549e-03
8.178148e-03
8.130616e-03
8.082960e-03
8.035181e-03
7.987283e-03
7.939269e-03
7.891142e-03
7.842908e-03
7.794567e-03
7.746126e-03
7.697585e-03
7.648948e-03
7.600220e-03
7.551402e-03
7.502500e-03
7.453516e-03
7.404452e-03
7.355313e-03
7.306101e-03
7.256821e-03
7.207475e-03
7.158067e-03
7.108598e-03
7.059073e-03
7.009496e-03
6.959868e-03
6.910195e-03
6.860478e-03
6.810720e-03
6.760925e-03
6.711096e-03
6.661237e-03
6.611349e-03
6.561438e-03
6.511503e-03
6.461551e-03
6.411584e-03
6.361604e-03
6.311615e-03
6.261619e-03
6.211620e-03
6.161622e-03
6.111627e-03
6.061637e-03
6.011656e-03
5.961688e-03
5.911735e-03
5.861799e-03
5.811885e-03
5.761994e-03
5.712132e-03
5.662299e-03
5.612499e-03
5.562734e-03
5.513009e-03
5.463327e-03
5.413689e-03
5.364098e-03
5.314558e-03
5.265073e-03
5.215644e-03
5.166274e-03
5.116967e-03
5.067726e-03
5.018552e-03
4.969451e-03
4.920424e-03
4.871473e-03
4.822603e-03
4.773815e-03
4.725113e-03
4.676501e-03
4.627979e-03
4.579553e-03
4.531223e-03
4.482994e-03
4.434867e-03
4.386848e-03
4.338936e-03
4.291136e-03
4.243452e-03
4.195884e-03
4.148438e-03
4.101113e-03
4.053915e-03
4.006846e-03
3.959909e-03
3.913106e-03
3.866440e-03
3.819915e-03
3.773534e-03
3.727297e-03
3.681210e-03
3.635274e-03
3.589492e-03
3.543868e-03
3.498404e-03
3.453103e-03
3.407967e-03
3.363000e-03
3.318205e-03
3.273583e-03
3.229138e-03
3.184873e-03
3.140791e-03
3.096895e-03
3.053185e-03
3.009668e-03
2.966344e-03
2.923217e-03
2.880289e-03
2.837563e-03
2.795043e-03
2.752730e-03
2.710629e-03
2.668740e-03
2.627067e-03
2.585615e-03
2.544383e-03
2.503376e-03
2.462596e-03
2.422048e-03
2.381732e-03
2.341651e-03
2.301809e-03
2.262209e-03
2.222853e-03
2.183742e-03
2.144883e-03
2.106276e-03
2.067925e-03
2.029831e-03
1.991998e-03
1.954429e-03
1.917126e-03
1.880094e-03
1.843332e-03
1.806846e-03
1.770637e-03
1.734710e-03
1.699064e-03
1.663705e-03
1.628635e-03
1.593856e-03
1.559372e-03
1.525185e-03
1.491298e-03
1.457713e-03
1.424434e-03
1.391464e-03
1.358805e-03
1.326459e-03
1.294430e-03
1.262721e-03
1.231334e-03
1.200272e-03
1.169537e-03
1.139133e-03
1.109064e-03
1.079330e-03
1.049935e-03
1.020882e-03
9.921736e-04
9.638126e-04
9.358018e-04
9.081441e-04
8.808421e-04
8.538987e-04
8.273168e-04
8.010990e-04
7.752484e-04
7.497675e-04
7.246592e-04
6.999263e-04
6.755716e-04
6.515980e-04
6.280082e-04
6.048051e-04
5.819914e-04
5.595700e-04
5.375436e-04
5.159152e-04
4.946874e-04
4.738632e-04
4.534453e-04
4.334365e-04
4.138396e-04
3.946575e-04
3.758931e-04
3.575490e-04
3.396282e-04
3.221335e-04
3.050676e-04
2.884335e-04
2.722339e-04
2.564716e-04
2.411495e-04
2.262705e-04
2.118373e-04
1.978529e-04
1.843198e-04
1.712412e-04
1.586198e-04
1.464584e-04
1.347599e-04
1.235270e-04
1.127628e-04
1.024700e-04
9.265134e-05
8.330981e-05
7.444823e-05
6.606945e-05
5.817631e-05
5.077165e-05
4.385836e-05
3.743926e-05
3.151723e-05
2.609512e-05
2.117580e-05
1.676212e-05
1.285696e-05
9.463161e-06
6.583613e-06
4.221178e-06
2.378725e-06
1.059129e-06
2.652617e-07
0.
