8.50000000E+3
8.50000000E+3
8.50000000E+3
8.50000000E+3
8.50000000E+3
8.50000000E+3
8.50000000E+3
8.50000000E+3
8.50000000E+3
8.50000000E+3
8.50000000E+3
8.50000000E+3
8.50000000E+3
8.50000000E+3
8.50000000E+3
8.50000000E+3
8.50000000E+3
8.50000000E+3
8.50000000E+3
8.50000000E+3
8.50000000E+3
8.50000000E+3
8.50000000E+3
8.50000000E+3
8.50000000E+3
8.50000000E+3
8.50000000E+3
8.50000000E+3
8.50000000E+3
8.50000000E+3
8.50000000E+3
8.50000000E+3
8.50000000E+3
8.50000000E+3
8.50000000E+3
8.50000000E+3
8.50000000E+3
8.50000000E+3
8.50000000E+3
8.50000000E+3
8.50000000E+3
8.50000000E+3
8.50000000E+3
8.50000000E+3
8.50000000E+3
8.50000000E+3
8.50000000E+3
8.50000000E+3
8.50000000E+3
8.50000000E+3
8.50000000E+3
8.50000000E+3
8.50000000E+3
8.50000000E+3
8.50000000E+3
8.50000000E+3
8.50000000E+3
8.50000000E+3
8.50000000E+3
8.50000000E+3
8.50000000E+3
8.50000000E+3
8.50000000E+3
8.50000000E+3
8.50000000E+3
8.50000000E+3
8.50000000E+3
8.50000000E+3
8.50000000E+3
8.50000000E+3
8.50000000E+3
8.50000000E+3
8.50000000E+3
8.50000000E+3
8.50000000E+3
8.50000000E+3
8.50000000E+3
8.50000000E+3
8.50000000E+3
8.50000000E+3
8.50000000E+3
8.50000000E+3
8.50000000E+3
8.50000000E+3
8.50000000E+3
8.50000000E+3
8.50000000E+3
8.50000000E+3
8.50000000E+3
8.50000000E+3
8.50000000E+3
8.50000000E+3
8.50000000E+3
8.50000000E+3
8.50000000E+3
8.50000000E+3
8.50000000E+3
8.50000000E+3
8.50000000E+3
8.50000000E+3
8.50000000E+3
8.50000000E+3
8.50000000E+3
8.50000000E+3
8.50000000E+3
8.50000000E+3
8.50000000E+3
8.50000000E+3
8.50000000E+3
8.50000000E+3
8.50000000E+3
8.50000000E+3
8.50000000E+3
8.50000000E+3
8.50000000E+3
8.50000000E+3
8.50000000E+3
8.50000000E+3
8.50000000E+3
8.50000000E+3
8.50000000E+3
8.50000000E+3
8.50000000E+3
8.50000000E+3
8.50000000E+3
8.50000000E+3
8.50000000E+3
8.50000000E+3
8.50000000E+3
8.50000000E+3
8.50000000E+3
8.50000000E+3
8.50000000E+3
8.50000000E+3
8.50000000E+3
8.50000000E+3
8.50000000E+3
8.50000000E+3
8.50000000E+3
8.50000000E+3
8.50000000E+3
8.50000000E+3
8.50000000E+3
8.50000000E+3
8.50000000E+3
8.50000000E+3
8.50000000E+3
8.50000000E+3
8.50000000E+3
8.50000000E+3
8.50000000E+3
8.50000000E+3
8.50000000E+3
8.50000000E+3
8.50000000E+3
8.50120521E+3
8.68465798E+3
8.76713355E+3
8.76270358E+3
8.68846906E+3
8.56042345E+3
8.3567101E+3
8.07296417E+3
7.72469055E+3
7.3414658E+3
6.95081433E+3
6.57218241E+3
6.22162866E+3
5.8881759E+3
5.53547231E+3
5.12358306E+3
4.62583062E+3
4.0847557E+3
3.57084691E+3
3.22141368E+3
2.85680456E+3
2.55859283E+3
2.31152117E+3
2.10511401E+3
1.92833876E+3
1.77935179E+3
1.64847231E+3
1.5329544E+3
1.43205212E+3
1.34414984E+3
1.26961889E+3
1.20750163E+3
1.15157003E+3
1.10203583E+3
1.06046906E+3
1.02856352E+3
1.00489902E+3
9.90540717E+2
9.82263844E+2
9.79446254E+2
9.84289902E+2
9.98729642E+2
1.0202215E+3
1.04734853E+3
1.07675244E+3
1.1072443E+3
1.13912378E+3
1.17518893E+3
1.21711401E+3
1.26288925E+3
1.3080684E+3
1.34458632E+3
1.36179805E+3
1.35183713E+3
1.31834202E+3
1.27371987E+3
1.23594463E+3
1.21461564E+3
1.20869055E+3
1.2043355E+3
1.17248534E+3
1.08241694E+3
9.40638436E+2
7.74527687E+2
6.13703583E+2
4.74361564E+2
3.57416938E+2
2.45043322E+2
1.78528664E+2
1.2774886E+2
8.32391857E+1
6.49643322E+1
4.97898697E+1
3.79864169E+1
2.85675244E+1
2.14195114E+1
1.59607492E+1
1.19064169E+1
8.79179153E+0
6.49710098E+0
4.02445296E+0
3.26708625E+0
2.58838904E+0
2.0286858E+0
1.59240176E+0
1.25265449E+0
9.9501549E-1
7.9364585E-1
6.38485244E-1
5.1878526E-1
4.27247677E-1
3.54439915E-1
2.98724931E-1
2.54947008E-1
2.19360835E-1
1.91395728E-1
1.68154248E-1
1.48891244E-1
1.33080059E-1
1.19947823E-1
1.08333605E-1
9.87281917E-2
9.07451492E-2
8.28485244E-2
7.57720528E-2
6.91831078E-2
6.34730148E-2
5.78428175E-2
5.28468939E-2
4.79651068E-2
4.38415131E-2
3.98467308E-2
3.60883744E-2
3.34779064E-2
3.07239524E-2
2.79846731E-2
2.5750856E-2
2.35659547E-2
2.21164194E-2
2.05299201E-2
1.90070113E-2
1.82618621E-2
1.70324474E-2
1.61601174E-2
1.57769444E-2
1.50709278E-2
1.45768792E-2
1.38235774E-2
1.33572477E-2
1.29104843E-2
1.24327409E-2
1.19321702E-2
1.15587804E-2
1.11984347E-2
1.06375346E-2
1.0386434E-2
9.7488994E-3
9.38855373E-3
9.05429643E-3
8.55372575E-3
8.292842E-3
7.8884722E-3
7.62432741E-3
7.41725094E-3
7.04223056E-3
6.7666721E-3
6.32480026E-3
6.18946682E-3
6.00195663E-3
5.69867928E-3
5.48671123E-3
5.17365074E-3
4.91765857E-3
4.76438937E-3
4.59318441E-3
4.1187021E-3
3.87086255E-3
3.91488668E-3
3.56595467E-3
3.47464536E-3
3.23984999E-3
3.08984184E-3
3.06864504E-3
2.97244415E-3
2.87624327E-3
2.75884559E-3
2.71971303E-3
2.55666069E-3
2.54524702E-3
2.39360835E-3
2.34958422E-3
2.32349584E-3
2.25012229E-3
2.10011414E-3
1.99902169E-3
2.05609E-3
1.81640307E-3
1.77890103E-3
1.81640307E-3
1.65008968E-3
1.59954345E-3
1.41855536E-3
1.58812979E-3
1.40877222E-3
1.36311756E-3
1.32887657E-3
1.39898908E-3
1.26365563E-3
1.30767977E-3
1.23430621E-3
1.26528616E-3
1.24245883E-3
1.11853905E-3
1.07125387E-3
1.04027393E-3
9.75052992E-4
9.91358226E-4
9.53856188E-4
9.48964618E-4
9.04940486E-4  
9.9788032E-4
9.79944562E-4
8.08739605E-4
8.03848035E-4
7.76129137E-4
8.77221588E-4
8.46241644E-4
6.7177564E-4
8.36458503E-4
7.23952389E-4
6.73406163E-4
7.76129137E-4
7.36996576E-4
6.21229415E-4
6.91341921E-4
6.24490461E-4
6.09815751E-4
6.45687266E-4
6.50578836E-4
6.84819827E-4
4.76112832E-4
7.19060819E-4
6.19598891E-4
7.38627099E-4
6.04924181E-4
6.29382032E-4
5.62530572E-4
6.96233491E-4
5.72313713E-4
6.04924181E-4
5.52747432E-4
6.26120985E-4
6.60361976E-4
6.11446274E-4
4.64699168E-4
5.57639002E-4
6.29382032E-4
6.06554704E-4
5.88618947E-4
5.29920104E-4
5.72313713E-4
4.81004402E-4
4.45132888E-4
4.51654981E-4
4.85895973E-4
5.83727376E-4
5.34811675E-4
4.02739279E-4
3.88064569E-4
4.33719224E-4
4.69590739E-4
4.9404859E-4
3.76650905E-4
4.02739279E-4
3.44040437E-4
3.84803522E-4
4.20675037E-4
4.33719224E-4
3.50562531E-4
3.94586662E-4
2.70666884E-4
3.50562531E-4
4.19044513E-4
3.37518343E-4
2.82080548E-4
3.21213109E-4
2.75558454E-4
2.96755258E-4
3.65237241E-4
3.89695092E-4
2.73927931E-4
4.1252242E-4
2.72297407E-4
2.96755258E-4
2.02184901E-4
3.37518343E-4
2.02184901E-4
2.02184901E-4
2.02184901E-4
2.02184901E-4
2.02184901E-4
2.02184901E-4
2.02184901E-4
2.02184901E-4
2.02184901E-4
2.02184901E-4
2.02184901E-4
2.02184901E-4
2.02184901E-4
2.02184901E-4
2.02184901E-4
2.02184901E-4
2.02184901E-4
2.02184901E-4
2.02184901E-4
2.02184901E-4
2.02184901E-4
2.02184901E-4
2.02184901E-4
2.02184901E-4
2.02184901E-4
2.02184901E-4
2.02184901E-4
2.02184901E-4
2.02184901E-4
2.02184901E-4
2.02184901E-4
2.02184901E-4
2.02184901E-4
2.02184901E-4
2.02184901E-4
2.02184901E-4
2.02184901E-4
2.02184901E-4
2.02184901E-4
2.02184901E-4
2.02184901E-4
2.02184901E-4
2.02184901E-4
2.02184901E-4
2.02184901E-4
2.02184901E-4
2.02184901E-4
2.02184901E-4
2.02184901E-4
2.02184901E-4
2.02184901E-4
2.02184901E-4
2.02184901E-4
2.02184901E-4
2.02184901E-4
2.02184901E-4
2.02184901E-4
2.02184901E-4
2.02184901E-4
2.02184901E-4
2.02184901E-4
2.02184901E-4
2.02184901E-4
2.02184901E-4
2.02184901E-4
2.02184901E-4
2.02184901E-4
2.02184901E-4
2.02184901E-4
2.02184901E-4
2.02184901E-4
2.02184901E-4
2.02184901E-4
2.02184901E-4
2.02184901E-4
2.02184901E-4
2.02184901E-4
2.02184901E-4
2.02184901E-4
2.02184901E-4
2.02184901E-4
2.02184901E-4
2.02184901E-4
2.02184901E-4
2.02184901E-4
2.02184901E-4
2.02184901E-4
2.02184901E-4
2.02184901E-4
2.02184901E-4
2.02184901E-4
2.02184901E-4
2.02184901E-4
2.02184901E-4
2.02184901E-4
2.02184901E-4
2.02184901E-4
2.02184901E-4
2.02184901E-4
2.02184901E-4
2.00000000E-4
2.00000000E-4
2.00000000E-4
2.00000000E-4
2.00000000E-4
2.00000000E-4
2.00000000E-4
2.00000000E-4
2.00000000E-4
2.00000000E-4
2.00000000E-4
2.00000000E-4
2.00000000E-4
2.00000000E-4
2.00000000E-4
2.00000000E-4
2.00000000E-4
2.00000000E-4
2.00000000E-4
2.00000000E-4
2.00000000E-4
2.00000000E-4
2.00000000E-4
2.00000000E-4
2.00000000E-4
2.00000000E-4
2.00000000E-4
2.00000000E-4
2.00000000E-4
2.00000000E-4
2.00000000E-4
2.00000000E-4
2.00000000E-4
2.00000000E-4
2.00000000E-4
2.00000000E-4
2.00000000E-4
2.00000000E-4
2.00000000E-4
2.00000000E-4
2.00000000E-4
2.00000000E-4
2.00000000E-4
2.00000000E-4
2.00000000E-4
2.00000000E-4
2.00000000E-4
2.00000000E-4
2.00000000E-4
2.00000000E-4
2.00000000E-4
2.00000000E-4
2.00000000E-4
2.00000000E-4
2.00000000E-4
2.00000000E-4
2.00000000E-4
2.00000000E-4
2.00000000E-4
2.00000000E-4
2.00000000E-4
2.00000000E-4
2.00000000E-4
2.00000000E-4
2.00000000E-4
2.00000000E-4
2.00000000E-4
2.00000000E-4
2.00000000E-4
2.00000000E-4
2.00000000E-4
2.00000000E-4
2.00000000E-4
2.00000000E-4
2.00000000E-4
2.00000000E-4
2.00000000E-4
2.00000000E-4
2.00000000E-4
2.00000000E-4
2.00000000E-4
2.00000000E-4
2.00000000E-4
2.00000000E-4
2.00000000E-4
2.00000000E-4
2.00000000E-4
2.00000000E-4
2.00000000E-4
2.00000000E-4
2.00000000E-4
2.00000000E-4
2.00000000E-4
2.00000000E-4
2.00000000E-4
2.00000000E-4
2.00000000E-4
2.00000000E-4
2.00000000E-4
2.00000000E-4
2.00000000E-4
2.00000000E-4
2.00000000E-4
2.00000000E-4
2.00000000E-4
2.00000000E-4
2.00000000E-4
2.00000000E-4
2.00000000E-4
2.00000000E-4
2.00000000E-4
2.00000000E-4
2.00000000E-4
2.00000000E-4
2.00000000E-4
2.00000000E-4
2.00000000E-4
2.00000000E-4
2.00000000E-4
2.00000000E-4
2.00000000E-4
2.00000000E-4
2.00000000E-4
2.00000000E-4
2.00000000E-4
2.00000000E-4
2.00000000E-4
2.00000000E-4
2.00000000E-4
2.00000000E-4
2.00000000E-4
2.00000000E-4
2.00000000E-4
2.00000000E-4
2.00000000E-4
2.00000000E-4
2.00000000E-4
2.00000000E-4
2.00000000E-4
2.00000000E-4
2.00000000E-4
2.00000000E-4
2.00000000E-4
2.00000000E-4
2.00000000E-4
2.00000000E-4
2.00000000E-4
2.00000000E-4
2.00000000E-4
2.00000000E-4
2.00000000E-4
2.00000000E-4
2.00000000E-4
2.00000000E-4
2.00000000E-4
2.00000000E-4
2.00000000E-4
2.00000000E-4
2.00000000E-4
2.00000000E-4
2.00000000E-4
2.00000000E-4
2.00000000E-4
2.00000000E-4
2.00000000E-4
2.00000000E-4
2.00000000E-4
2.00000000E-4
2.00000000E-4
2.00000000E-4
2.00000000E-4
2.00000000E-4
2.00000000E-4
2.00000000E-4
2.00000000E-4
2.00000000E-4
2.00000000E-4
2.00000000E-4
2.00000000E-4
2.00000000E-4
2.00000000E-4
2.00000000E-4
2.00000000E-4
2.00000000E-4
2.00000000E-4
2.00000000E-4
2.00000000E-4
2.00000000E-4
2.00000000E-4
2.00000000E-4
2.00000000E-4
2.00000000E-4
2.00000000E-4
2.00000000E-4
2.00000000E-4
2.00000000E-4
2.00000000E-4
2.00000000E-4
2.00000000E-4
2.00000000E-4
2.00000000E-4
2.00000000E-4
2.00000000E-4
2.00000000E-4
2.00000000E-4
2.00000000E-4
2.00000000E-4
2.00000000E-4
2.00000000E-4
2.00000000E-4
2.00000000E-4
2.00000000E-4
2.00000000E-4
2.00000000E-4
2.00000000E-4
2.00000000E-4
2.00000000E-4
2.00000000E-4
2.00000000E-4
2.00000000E-4
2.00000000E-4
2.00000000E-4
2.00000000E-4
2.00000000E-4
2.00000000E-4
2.00000000E-4
2.00000000E-4
2.00000000E-4
2.00000000E-4
2.00000000E-4
2.00000000E-4
2.00000000E-4
2.00000000E-4
2.00000000E-4
2.00000000E-4
2.00000000E-4
2.00000000E-4
2.00000000E-4
2.00000000E-4
2.00000000E-4
2.00000000E-4
2.00000000E-4
2.00000000E-4
2.00000000E-4
2.00000000E-4
2.00000000E-4
2.00000000E-4
2.00000000E-4
2.00000000E-4
2.00000000E-4
2.00000000E-4
2.00000000E-4
2.00000000E-4
2.00000000E-4
2.00000000E-4
2.00000000E-4
2.00000000E-4
2.00000000E-4
2.00000000E-4
2.00000000E-4
2.00000000E-4
2.00000000E-4
2.00000000E-4
2.00000000E-4
2.00000000E-4
2.00000000E-4
2.00000000E-4
2.00000000E-4
2.00000000E-4
2.00000000E-4
2.00000000E-4
2.00000000E-4
2.00000000E-4
2.00000000E-4
2.00000000E-4
2.00000000E-4
2.00000000E-4
2.00000000E-4
2.00000000E-4
2.00000000E-4
2.00000000E-4
2.00000000E-4
2.00000000E-4
2.00000000E-4
2.00000000E-4
2.00000000E-4
2.00000000E-4
2.00000000E-4
2.00000000E-4
2.00000000E-4
2.00000000E-4
2.00000000E-4
2.00000000E-4
2.00000000E-4
2.00000000E-4
2.00000000E-4
2.00000000E-4
2.00000000E-4
2.00000000E-4
2.00000000E-4
2.00000000E-4
2.00000000E-4
2.00000000E-4
2.00000000E-4
2.00000000E-4
2.00000000E-4
2.00000000E-4
2.00000000E-4
2.00000000E-4
2.00000000E-4
2.00000000E-4
2.00000000E-4
2.00000000E-4
2.00000000E-4
2.00000000E-4
2.00000000E-4
2.00000000E-4
2.00000000E-4
2.00000000E-4
2.00000000E-4
2.00000000E-4
2.00000000E-4
2.00000000E-4
2.00000000E-4
2.00000000E-4
2.00000000E-4
2.00000000E-4
2.00000000E-4
2.00000000E-4
2.00000000E-4
2.00000000E-4
2.00000000E-4
2.00000000E-4
2.00000000E-4
2.00000000E-4
2.00000000E-4
2.00000000E-4
2.00000000E-4
2.00000000E-4
2.00000000E-4
2.00000000E-4
2.00000000E-4
2.00000000E-4
2.00000000E-4
2.00000000E-4
2.00000000E-4
2.00000000E-4
2.00000000E-4
2.00000000E-4
2.00000000E-4
2.00000000E-4
2.00000000E-4
2.00000000E-4
2.00000000E-4
2.00000000E-4
2.00000000E-4
2.00000000E-4
2.00000000E-4
2.00000000E-4
2.00000000E-4
2.00000000E-4
2.00000000E-4
2.00000000E-4
2.00000000E-4
2.00000000E-4
2.00000000E-4
2.00000000E-4
2.00000000E-4
2.00000000E-4
2.00000000E-4
2.00000000E-4
2.00000000E-4
2.00000000E-4
2.00000000E-4
2.00000000E-4
2.00000000E-4
2.00000000E-4
2.00000000E-4
2.00000000E-4
2.00000000E-4
2.00000000E-4
2.00000000E-4
2.00000000E-4
2.00000000E-4
2.00000000E-4
2.00000000E-4
2.00000000E-4
2.00000000E-4
2.00000000E-4
2.00000000E-4
2.00000000E-4
2.00000000E-4
2.00000000E-4
2.00000000E-4
2.00000000E-4
2.00000000E-4
2.00000000E-4
2.00000000E-4
2.00000000E-4
2.00000000E-4
