1.1E-2
1.1E-2
1.1E-2
1.1E-2
1.1E-2
1.1E-2
1.1E-2
1.1E-2
1.1E-2
1.1E-2
1.1E-2
1.1E-2
1.1E-2
1.1E-2
1.1E-2
1.1E-2
1.1E-2
1.1E-2
1.1E-2
1.1E-2
1.1E-2
1.1E-2
1.1E-2
1.1E-2
1.1E-2
1.1E-2
1.1E-2
1.1E-2
1.1E-2
1.1E-2
1.1E-2
1.1E-2
1.1E-2
1.1E-2
1.1E-2
1.1E-2
1.1E-2
1.1E-2
1.1E-2
1.1E-2
1.1E-2
1.1E-2
1.1E-2
1.1E-2
1.1E-2
1.1E-2
1.1E-2
1.1E-2
1.1E-2
1.1E-2
1.1E-2
1.1E-2
1.1E-2
1.1E-2
1.1E-2
1.1E-2
1.1E-2
1.1E-2
1.1E-2
1.1E-2
1.1E-2
1.1E-2
1.1E-2
1.1E-2
1.1E-2
1.1E-2
1.1E-2
1.1E-2
1.1E-2
1.1E-2
1.1E-2
1.1E-2
1.1E-2
1.1E-2
1.1E-2
1.1E-2
1.1E-2
1.1E-2
1.1E-2
1.1E-2
1.1E-2
1.1E-2
1.1E-2
1.1E-2
1.1E-2
1.1E-2
1.1E-2
1.1E-2
1.1E-2
1.1E-2
1.1E-2
1.1E-2
1.1E-2
1.1E-2
1.1E-2
1.1E-2
1.1E-2
1.1E-2
1.1E-2
1.1E-2
1.1E-2
1.1E-2
1.1E-2
1.1E-2
1.1E-2
1.1E-2
1.1E-2
1.1E-2
1.1E-2
1.1E-2
1.1E-2
1.1E-2
1.1E-2
1.1E-2
1.1E-2
1.1E-2
1.1E-2
1.1E-2
1.1E-2
1.1E-2
1.1E-2
1.1E-2
1.1E-2
1.1E-2
1.1E-2
1.1E-2
1.1E-2
1.1E-2
1.1E-2
1.1E-2
1.1E-2
1.1E-2
1.1E-2
1.1E-2
1.1E-2
1.1E-2
1.1E-2
1.1E-2
1.1E-2
1.1E-2
1.1E-2
1.1E-2
1.1E-2
1.1E-2
1.1E-2
1.1E-2
1.1E-2
1.1E-2
1.1E-2
1.1E-2
1.1E-1
1.1E-1
1.1E-1
1.1E-1
1.1E-1
1.1E-1
1.1E-1
1.1E-1
1.1E-1
1.1E-1
1.1E-1
1.1E-1
1.1E-1
1.1E-1
1.1E-1
1.1E-1
1.1E-1
1.1E-1
1.1E-1
1.1E-1
1.1E-1
1.1E-1
1.1E-1
1.1E-1
1.1E-1
1.1E-1
1.1E-1
1.1E-1
1.1E-1
1.1E-1
1.1E-1
1.9E-1
3.2E-1
5.2E-1
7.7E-1
1.0E+0
1.3E+0
1.71E+0
2.61E+0
4.7E+0
9.98E+0
20.50000
29.04300
38.79000
48.91600
58.40500
66.31900
72.36400
76.71200
79.85100
82.10900
83.76100
85.01100
86.01000
86.74400
87.35300
87.87300
88.30500
88.65800
88.96900
89.25100
89.51600
89.71100
89.91700
90.08500
90.24300
90.44000
90.58900
90.74300
90.92000
91.07200
91.23800
91.38700
91.52900
91.69300
91.89200
92.07200
92.24000
92.40600
92.59200
92.77800
92.95300
93.08200
93.27900
93.44500
93.59800
93.81400
93.96700
94.18500
94.36500
94.54700
94.76800
94.92100
95.12200
95.29900
95.44400
95.59200
95.70000
95.84300
95.95500
96.03600
96.12900
96.20900
96.30300
96.39500
96.46400
96.53700
96.62400
96.69500
96.76200
96.81200
96.89600
96.96700
97.03500
97.09900
97.15300
97.20500
97.27000
97.33700
97.41300
97.47300
97.52400
97.58200
97.64500
97.70900
97.76900
97.81500
97.86500
97.92300
97.94500
98.02000
98.04500
98.10500
98.15200
98.19800
98.23900
98.26200
98.31200
98.34100
98.37500
98.40900
98.45200
98.46900
98.51400
98.53400
98.55200
98.58100
98.60600
98.62100
98.66200
98.66900
98.70200
98.71500
98.74700
98.75900
98.78900
98.80600
98.82700
98.83900
98.86800
98.86600
98.88900
98.90700
98.92500
98.94500
98.93600
98.95900
98.97200
98.98300
98.99500
99.01800
99.03000
99.03900
99.04300
99.04700
99.07100
99.08900
99.08000
99.11600
99.11100
99.13400
99.14400
99.13900
99.16400
99.17900
99.18700
99.18400
99.18400
99.20900
99.21100
99.21400
99.22100
99.24600
99.25100
99.26700
99.26700
99.27100
99.27900
99.29200
99.29100
99.28400
99.30800
99.31800
99.31000
99.32100
99.32800
99.35100
99.35200
99.35100
99.36900
99.37400
99.38200
99.36300
99.38900
99.39600
99.38900
99.40800
99.41400
99.42700
99.41100
99.42500
99.42800
99.44400
99.43600
99.44900
99.44600
99.45200
99.46000
99.45900
99.46800
99.46800
99.47800
99.48200
99.50100
99.49100
99.49600
99.50700
99.50200
99.50000
99.51900
99.52000
99.51900
99.52900
99.51400
99.54000
99.53200
99.53700
99.53200
99.53700
99.54800
99.55700
99.56100
99.56200
99.56100
99.57300
99.56600
99.56900
99.57200
99.58300
99.56900
99.58200
99.59300
99.59200
99.58700
99.59700
99.60600
99.61200
99.59900
99.61300
99.60400
99.61100
99.61900
99.61900
99.62500
99.62100
99.61500
99.62800
99.62600
99.63100
99.63700
99.63100
99.63500
99.63200
99.63400
99.63800
99.64300
99.65900
99.66300
99.65200
99.66000
99.66700
99.66200
99.66200
99.66100
99.66400
99.65300
99.66900
99.65800
99.66700
99.67500
99.67100
99.67800
99.68600
99.67900
99.68000
99.69000
99.68100
99.69800
99.70000
99.69600
99.69500
99.70000
99.69300
99.70200
99.69500
99.70100
99.70600
99.71000
99.70900
99.72800
99.71100
99.70400
99.72000
99.70900
99.71500
99.70100
99.70300
99.70500
99.72000
99.70000
99.72600
99.71900
99.73200
99.71900
99.72900
99.73900
99.72300
99.73700
99.72700
99.73700
99.71600
99.73400
99.74400
99.74200
99.75600
99.76600
99.75300
99.76600
99.76900
99.75800
99.76800
99.80000
99.80000
99.80000
99.80000
99.80000
99.80000
99.80000
99.80000
99.80000
99.80000
99.80000
99.80000
99.80000
99.80000
99.80000
99.80000
99.80000
99.80000
99.80000
99.80000
99.80000
99.80000
99.80000
99.80000
99.80000
99.80000
99.80000
99.80000
99.80000
99.80000
99.80000
99.80000
99.80000
99.80000
99.80000
99.80000
99.80000
99.80000
99.80000
99.80000
99.80000
99.80000
99.80000
99.80000
99.80000
99.80000
99.80000
99.80000
99.80000
99.90000
99.90000
99.90000
99.90000
99.90000
99.90000
99.90000
99.90000
99.90000
99.90000
99.90000
99.90000
99.90000
99.90000
99.90000
99.90000
99.90000
99.90000
99.90000
99.90000
99.90000
99.90000
99.90000
99.90000
99.90000
99.90000
99.90000
99.90000
99.90000
99.90000
99.90000
99.90000
99.90000
99.90000
99.90000
99.90000
99.90000
99.90000
99.90000
99.90000
99.90000
99.90000
99.90000
99.90000
99.90000
99.90000
99.90000
99.90000
99.90000
99.90000
99.90000
99.90000
99.90000
99.90000
99.90000
99.90000
99.90000
99.90000
99.90000
99.90000
99.90000
99.90000
99.90000
99.90000
99.90000
99.90000
99.90000
99.90000
99.90000
99.90000
99.90000
99.90000
99.90000
99.90000
99.90000
99.90000
99.90000
99.90000
99.90000
99.90000
99.90000
99.90000
99.90000
99.90000
99.90000
99.90000
99.90000
99.90000
99.90000
99.90000
99.90000
99.90000
99.90000
99.90000
99.90000
99.90000
99.90000
99.90000
99.90000
99.90000
99.90000
99.90000
99.90000
99.90000
99.90000
99.90000
99.90000
99.90000
99.90000
99.90000
99.90000
99.90000
99.90000
99.90000
99.90000
99.90000
99.90000
99.90000
99.90000
99.90000
99.90000
99.90000
99.90000
99.90000
99.90000
99.90000
99.90000
99.90000
99.90000
99.90000
99.90000
99.90000
99.90000
99.90000
99.90000
99.90000
99.90000
99.90000
99.90000
99.90000
99.90000
99.90000
99.90000
99.90000
99.90000
99.90000
99.90000
99.90000
99.90000
99.90000
99.90000
99.90000
99.90000
99.90000
99.90000
99.90000
99.90000
99.90000
99.90000
99.90000
99.90000
99.90000
99.90000
99.90000
99.90000
99.90000
99.90000
99.90000
99.90000
99.90000
99.90000
99.90000
99.90000
99.90000
99.90000
99.90000
99.90000
99.90000
99.90000
99.90000
99.90000
99.90000
99.90000
99.90000
99.90000
99.90000
99.90000
99.90000
99.90000
99.90000
99.90000
99.90000
99.90000
99.90000
99.90000
99.90000
99.90000
99.90000
99.90000
99.90000
99.90000
99.90000
99.90000
99.90000
99.90000
99.90000
99.90000
99.90000
99.90000
99.90000
99.90000
99.90000
99.90000
99.90000
99.90000
99.90000
99.90000
99.90000
99.90000
99.90000
99.90000
99.90000
99.90000
99.90000
99.90000
99.90000
99.90000
99.90000
99.90000
99.90000
99.90000
99.90000
99.90000
99.90000
99.90000
99.90000
99.90000
99.90000
99.90000
99.90000
99.90000
99.90000
99.90000
99.90000
99.90000
99.90000
99.90000
99.90000
99.90000
99.90000
99.90000
99.90000
99.90000
99.90000
99.90000
99.90000
99.90000
99.90000
99.90000
99.90000
99.90000
99.90000
99.90000
99.90000
99.90000
99.90000
99.90000
99.90000
99.90000
99.90000
99.90000
99.90000
99.90000
99.90000
99.90000
99.90000
99.90000
99.90000
99.90000
99.90000
99.90000
99.90000
99.90000
99.90000
99.90000
99.90000
99.90000
99.90000
99.90000
99.90000
99.90000
99.90000
99.90000
99.90000
99.90000
99.90000
99.90000
99.90000
99.90000
99.90000
99.90000
99.90000
99.90000
99.90000
99.90000
99.90000
99.90000
99.90000
99.90000
99.90000
99.90000
99.90000
99.90000
99.90000
99.90000
99.90000
99.90000
99.90000
99.90000
99.90000
99.90000
99.90000
99.90000
99.90000
99.90000
99.90000
99.90000
99.90000
99.90000
99.90000
99.90000
99.90000
99.90000
99.90000
99.90000
99.90000
99.90000
99.90000
99.90000
99.90000
99.90000
99.90000
99.90000
99.90000
99.90000
99.90000
99.90000
99.90000
99.90000
99.90000
99.90000
