1.48482219E+3
1.48482219E+3
1.48482219E+3
1.48482219E+3
1.48482219E+3
1.48482219E+3
1.48482219E+3
1.48482219E+3
1.48482219E+3
1.48482219E+3
1.48482219E+3
1.48482219E+3
1.48482219E+3
1.48482219E+3
1.48482219E+3
1.48482219E+3
1.48482219E+3
1.48482219E+3
1.48482219E+3
1.48482219E+3
1.48482219E+3
1.48482219E+3
1.48482219E+3
1.48482219E+3
1.48482219E+3
1.48482219E+3
1.48482219E+3
1.48482219E+3
1.48482219E+3
1.48482219E+3
1.48482219E+3
1.48482219E+3
1.48482219E+3
1.48482219E+3
1.48482219E+3
1.48482219E+3
1.48482219E+3
1.48482219E+3
1.48482219E+3
1.48482219E+3
1.48482219E+3
1.48482219E+3
1.48482219E+3
1.48482219E+3
1.48482219E+3
1.48482219E+3
1.48482219E+3
1.48482219E+3
1.48482219E+3
1.48482219E+3
1.48482219E+3
1.48482219E+3
1.48482219E+3
1.48482219E+3
1.48482219E+3
1.48482219E+3
1.48482219E+3
1.48482219E+3
1.48482219E+3
1.48482219E+3
1.48482219E+3
1.48482219E+3
1.48482219E+3
1.48482219E+3
1.48482219E+3
1.48482219E+3
1.48482219E+3
1.48482219E+3
1.48482219E+3
1.48482219E+3
1.48482219E+3
1.48482219E+3
1.48482219E+3
1.48482219E+3
1.48482219E+3
1.48482219E+3
1.48482219E+3
1.48482219E+3
1.48482219E+3
1.48482219E+3
1.48482219E+3
1.48482219E+3
1.48482219E+3
1.48482219E+3
1.48482219E+3
1.48482219E+3
1.48482219E+3
1.48482219E+3
1.48482219E+3
1.48482219E+3
1.48482219E+3
1.48482219E+3
1.48482219E+3
1.48482219E+3
1.48482219E+3
1.48482219E+3
1.48482219E+3
1.48482219E+3
1.48482219E+3
1.48482219E+3
1.48482219E+3
1.48482219E+3
1.48482219E+3
1.48482219E+3
1.48482219E+3
1.48482219E+3
1.48482219E+3
1.48482219E+3
1.48482219E+3
1.48482219E+3
1.48482219E+3
1.48482219E+3
1.48482219E+3
1.48482219E+3
1.48482219E+3
1.48482219E+3
1.48482219E+3
1.48482219E+3
1.48482219E+3
1.48482219E+3
1.48482219E+3
1.48482219E+3
1.48482219E+3
1.48482219E+3
1.48482219E+3
1.48482219E+3
1.48482219E+3
1.48482219E+3
1.48482219E+3
1.48482219E+3
1.48482219E+3
1.48482219E+3
1.48482219E+3
1.48482219E+3
1.48482219E+3
1.48482219E+3
1.48482219E+3
1.48482219E+3
1.48482219E+3
1.48482219E+3
1.48482219E+3
1.48482219E+3
1.48482219E+3
1.48482219E+3
1.48482219E+3
1.48482219E+3
1.48482219E+3
1.48482219E+3
1.48482219E+3
1.48482219E+3
1.48482219E+3
1.48482219E+3
1.48482219E+3
1.48482219E+3
1.48482219E+3
1.48482219E+3
1.40344066E+3
1.09531622E+3
7.04299324E+2 
4.30353041E+2
2.54200059E+2
1.48852135E+2
8.83109449E+1 
5.54874079E+1
3.92840428E+1
3.10521081E+1
2.81865612E+1
2.74050484E+1
3.01142927E+1
3.28756379E+1
3.66268993E+1
4.14722786E+1
4.68386664E+1
5.2986567E+1
5.88218624E+1
6.72622005E+1
7.63798497E+1
8.51848938E+1
9.55529634E+1
1.06442042E+2
1.1858154E+2
1.3077314E+2
1.43954655E+2
1.60470626E+2
1.76673991E+2
1.92200045E+2
2.08038704E+2
2.29295852E+2
2.51438714E+2
2.68840399E+2
2.87961412E+2
3.08072341E+2
3.2208747E+2
3.27766463E+2
3.40843777E+2
3.78460592E+2
4.24257242E+2
4.46973213E+2
4.36136236E+2
4.20401778E+2
4.08E+2
3.81E+2
3.4E+2
3.31E+2
3.72E+2
4.44E+2
4.4E+2
3.4E+2
2.222E+2
1.36E+2
7.7083E+1
3.8952E+1
2.7429E+1
1.8056E+1
1.1571E+1
7.1948E+0
4.3937E+0
2.6626E+0
1.6022E+0
9.6159E-1
5.7202E-1
3.476E-1
2.0617E-1
1.2401E-1
7.8052E-2
5.2538E-2
3.7037E-2
2.17E-2
1.605E-2
1.173E-2
8.46E-3
6.07E-3
4.39E-3
3.27E-3
2.55E-3
2.08E-3
1.78E-3
1.57E-3
1.42E-3
1.3E-3
1.16735254E-3
1.09876543E-3
1.02331962E-3
9.739369E-4
9.20438957E-4
8.8340192E-4
8.40877915E-4
8.25788752E-4
7.94238683E-4
7.5308642E-4
7.11934156E-4
6.68038409E-4
6.46090535E-4
6.39231824E-4
6.07681756E-4
5.93964335E-4
5.45953361E-4
5.36351166E-4
5.08916324E-4
4.99314129E-4	
4.84224966E-4
4.81481481E-4
4.63648834E-4
4.55418381E-4
4.54046639E-4
4.40329218E-4
4.27983539E-4
4.11522634E-4
3.86831276E-4
3.75857339E-4
3.6351166E-4
3.56652949E-4
3.58024691E-4
3.33333333E-4
3.25102881E-4
3.12757202E-4
3.04526749E-4
2.96296296E-4
2.94924554E-4
2.85322359E-4
2.82578875E-4
2.67489712E-4
2.59259259E-4
2.52400549E-4
2.45541838E-4
2.42798354E-4
2.41426612E-4
2.34567901E-4
2.33196159E-4
2.22222222E-4
2.08504801E-4
2.04389575E-4
2.05761317E-4
2.05761317E-4
2.00274348E-4
1.98902606E-4
1.90672154E-4
1.82441701E-4
1.78326475E-4
1.76954733E-4
1.76954733E-4
1.72839506E-4
1.6872428E-4
1.65980796E-4
1.65980796E-4
1.59122085E-4
1.55006859E-4
1.56378601E-4
1.50891632E-4
1.48148148E-4
1.45404664E-4
1.50891632E-4
1.48148148E-4
1.46776406E-4
1.41289438E-4
1.30315501E-4
1.24828532E-4
1.34430727E-4
1.41289438E-4
1.45404664E-4
1.39917695E-4
1.26200274E-4
1.27572016E-4
1.22085048E-4
1.22085048E-4
1.20713306E-4
1.17969822E-4
1.1659808E-4
1.12482853E-4
1.13854595E-4
1.15226337E-4
1.08367627E-4
1.09739369E-4
1.09739369E-4
1.04252401E-4
1.04252401E-4
1.04252401E-4
1.06995885E-4
1.04252401E-4
1.02880658E-4
1.00137174E-4
1.02880658E-4
9.46502058E-5
9.19067215E-5
9.32784636E-5
9.60219479E-5
9.46502058E-5
9.60219479E-5
9.05349794E-5
8.64197531E-5
9.05349794E-5
8.91632373E-5
8.91632373E-5
8.77914952E-5
8.77914952E-5
8.64197531E-5
8.5048011E-5
7.95610425E-5
8.23045267E-5
8.23045267E-5
8.09327846E-5
8.09327846E-5
7.81893004E-5
7.95610425E-5
7.54458162E-5
7.40740741E-5
7.2702332E-5
7.13305898E-5
7.2702332E-5
7.2702332E-5
7.54458162E-5
6.72153635E-5
6.85871056E-5
6.72153635E-5
6.58436214E-5
6.44718793E-5
6.72153635E-5
6.44718793E-5
6.03566529E-5
5.89849108E-5
5.76131687E-5
5.76131687E-5
5.76131687E-5
5.76131687E-5
5.62414266E-5
4.9382716E-5
4.80109739E-5
5.34979424E-5
5.07544582E-5
5.34979424E-5
5.34979424E-5
5.21262003E-5
4.9382716E-5
5.07544582E-5
4.9382716E-5
5.07544582E-5
4.52674897E-5
4.66392318E-5
4.80109739E-5
5.07544582E-5
5.21262003E-5
5.07544582E-5
4.80109739E-5
4.66392318E-5
4.25240055E-5
4.80109739E-5
4.80109739E-5
4.9382716E-5
5.07544582E-5
4.9382716E-5
4.52674897E-5
4.80109739E-5
5.21262003E-5
4.66392318E-5
3.97805213E-5
4.11522634E-5
3.97805213E-5
4.52674897E-5
5.07544582E-5
4.80109739E-5
4.11522634E-5
3.29218107E-5
3.01783265E-5
3.29218107E-5
3.42935528E-5
3.42935528E-5
3.56652949E-5
2.88065844E-5
3.01783265E-5
2.74348422E-5
2.88065844E-5
2.86512900E-5
2.83008900E-5
2.795478E-5
2.761292E-5
2.727519E-5
2.694165E-5
2.661218E-5
2.628669E-5
2.596523E-5
2.564768E-5
 0.2533401E-04
 0.2502421E-04
 0.2471817E-04
 0.2441587E-04
 0.2411729E-04
 0.2382231E-04
 0.2353099E-04
 0.2324323E-04
 0.2295895E-04
 0.2267819E-04
 0.2240083E-04
 0.2212688E-04
 0.2185629E-04
 0.2158899E-04
 0.2132496E-04
 0.2106418E-04
 0.2080655E-04
 0.2055210E-04
 0.2030077E-04
 0.2005248E-04
 0.1980726E-04
 0.1956502E-04
 0.1932574E-04
 0.1908941E-04
 0.1885595E-04
 0.1862534E-04
 0.1839758E-04
 0.1817256E-04
 0.1795033E-04
 0.1773081E-04
 0.1751395E-04
 0.1729978E-04
 0.1708820E-04
 0.1687922E-04
 0.1667280E-04
 0.1646890E-04
 0.1626748E-04
 0.1606855E-04
 0.1587202E-04
 0.1567792E-04
 0.1548620E-04
 0.1529679E-04
 0.1510972E-04
 0.1492493E-04
 0.1474240E-04
 0.1456212E-04
 0.1438403E-04
 0.1420811E-04
 0.1403436E-04
 0.1386271E-04
 0.1369319E-04
 0.1352573E-04
 0.1336030E-04
 0.1319692E-04
 0.1303552E-04
 0.1287610E-04
 0.1271864E-04
 0.1256309E-04
 0.1240945E-04
 0.1225769E-04
 0.1210777E-04
 0.1195971E-04
 0.1181345E-04
 0.1166897E-04
 0.1152627E-04
 0.1138530E-04
 0.1124606E-04
 0.1110853E-04
 0.1097268E-04
 0.1083848E-04
 0.1070594E-04
 0.1057500E-04
 0.1044568E-04
 0.1031794E-04
 0.1019174E-04
 0.1006711E-04
 0.9943989E-05
 0.9822375E-05
 0.9702258E-05
 0.9583601E-05
 0.9466396E-05
 0.9350631E-05
 0.9236266E-05
 0.9123316E-05
 0.9011739E-05
 0.8901527E-05
 0.8792671E-05
 0.8685138E-05
 0.8578920E-05
 0.8474009E-05
 0.8000000E-05
 0.8000000E-05
 0.8000000E-05
 0.8000000E-05 
 0.8000000E-05
 0.8000000E-05 
 0.8000000E-05
 0.8000000E-05 
 0.8000000E-05
 0.8000000E-05 
 0.8000000E-05
 0.8000000E-05
 0.8000000E-05
 0.8000000E-05 
 0.8000000E-05
 0.8000000E-05 
 0.8000000E-05
 0.8000000E-05 
 0.8000000E-05
 0.8000000E-05  
 0.8000000E-05
 0.8000000E-05
 0.8000000E-05
 0.8000000E-05 
 0.8000000E-05
 0.8000000E-05 
 0.8000000E-05
 0.8000000E-05 
 0.8000000E-05
 0.8000000E-05 
 0.8000000E-05
 0.8000000E-05
 0.8000000E-05
 0.8000000E-05 
 0.8000000E-05
 0.8000000E-05 
 0.8000000E-05
 0.8000000E-05 
 0.8000000E-05
 0.8000000E-05  
 0.8000000E-05
 0.8000000E-05
 0.8000000E-05
 0.8000000E-05 
 0.8000000E-05
 0.8000000E-05 
 0.8000000E-05
 0.8000000E-05 
 0.8000000E-05
 0.8000000E-05 
 0.8000000E-05
 0.8000000E-05
 0.8000000E-05
 0.8000000E-05 
 0.8000000E-05
 0.8000000E-05 
 0.8000000E-05
 0.8000000E-05 
 0.8000000E-05
 0.8000000E-05  
 0.8000000E-05
 0.8000000E-05
 0.8000000E-05
 0.8000000E-05 
 0.8000000E-05
 0.8000000E-05 
 0.8000000E-05
 0.8000000E-05 
 0.8000000E-05
 0.8000000E-05 
 0.8000000E-05
 0.8000000E-05
 0.8000000E-05
 0.8000000E-05 
 0.8000000E-05
 0.8000000E-05 
 0.8000000E-05
 0.8000000E-05 
 0.8000000E-05
 0.8000000E-05  
 0.8000000E-05
 0.8000000E-05
 0.8000000E-05
 0.8000000E-05 
 0.8000000E-05
 0.8000000E-05 
 0.8000000E-05
 0.8000000E-05 
 0.8000000E-05
 0.8000000E-05 
 0.8000000E-05
 0.8000000E-05
 0.8000000E-05
 0.8000000E-05 
 0.8000000E-05
 0.8000000E-05 
 0.8000000E-05
 0.8000000E-05 
 0.8000000E-05
 0.8000000E-05  
 0.8000000E-05  
 0.8000000E-05  
 0.8000000E-05  
 0.8000000E-05  
 0.8000000E-05  
 0.8000000E-05  
 0.8000000E-05  
 0.8000000E-05  
 0.8000000E-05  
 0.8000000E-05  
 0.8000000E-05  
 0.8000000E-05  
 0.8000000E-05  
 0.8000000E-05  
 0.8000000E-05  
 0.8000000E-05  
 0.8000000E-05  
 0.8000000E-05  
 0.8000000E-05  
 0.8000000E-05  
 0.8000000E-05  
 0.8000000E-05  
 0.8000000E-05  
 0.8000000E-05  
 0.8000000E-05  
 0.8000000E-05  
 0.8000000E-05  
 0.8000000E-05  
 0.8000000E-05  
 0.8000000E-05  
 0.8000000E-05  
 0.8000000E-05  
 0.8000000E-05  
 0.8000000E-05  
 0.8000000E-05  
 0.8000000E-05  
 0.8000000E-05  
 0.8000000E-05  
 0.8000000E-05  
 0.8000000E-05  
 0.8000000E-05  
 0.8000000E-05  
 0.8000000E-05  
 0.8000000E-05  
 0.8000000E-05  
 0.8000000E-05  
 0.8000000E-05  
 0.8000000E-05  
 0.8000000E-05  
 0.8000000E-05  
 0.8000000E-05  
 0.8000000E-05  
 0.8000000E-05  
 0.8000000E-05  
 0.8000000E-05  
 0.8000000E-05  
 0.8000000E-05  
 0.8000000E-05  
 0.8000000E-05  
 0.8000000E-05  
 0.8000000E-05  
 0.8000000E-05  
 0.8000000E-05  
 0.8000000E-05  
 0.8000000E-05  
 0.8000000E-05  
 0.8000000E-05  
 0.8000000E-05  
 0.8000000E-05  
 0.8000000E-05  
 0.8000000E-05  
 0.8000000E-05  
 0.8000000E-05  
 0.8000000E-05  
 0.8000000E-05  
 0.8000000E-05  
 0.8000000E-05  
 0.8000000E-05  
 0.8000000E-05  
 0.8000000E-05  
 0.8000000E-05  
 0.8000000E-05  
 0.8000000E-05  
 0.8000000E-05  
 0.8000000E-05  
 0.8000000E-05  
 0.8000000E-05  
 0.8000000E-05  
 0.8000000E-05  
 0.8000000E-05  
 0.8000000E-05  
 0.8000000E-05  
 0.8000000E-05  
 0.8000000E-05  
 0.8000000E-05  
 0.8000000E-05  
 0.8000000E-05  
 0.8000000E-05  
 0.8000000E-05  
 0.8000000E-05  
 0.8000000E-05  
 0.8000000E-05  
 0.8000000E-05  
 0.8000000E-05  
 0.8000000E-05  
 0.8000000E-05  
 0.8000000E-05  
 0.8000000E-05  
 0.8000000E-05  
 0.8000000E-05  
 0.8000000E-05  
 0.8000000E-05  
 0.8000000E-05  
 0.8000000E-05  
 0.8000000E-05  
 0.8000000E-05  
 0.8000000E-05  
 0.8000000E-05  
 0.8000000E-05  
 0.8000000E-05  
 0.8000000E-05  
 0.8000000E-05  
 0.8000000E-05  
 0.8000000E-05  
 0.8000000E-05  
 0.8000000E-05  
 0.8000000E-05  
 0.8000000E-05  
 0.8000000E-05  
 0.8000000E-05  
 0.8000000E-05  
 0.8000000E-05  
 0.8000000E-05  
 0.8000000E-05  
 0.8000000E-05  
 0.8000000E-05  
 0.8000000E-05  
 0.8000000E-05  
 0.8000000E-05  
 0.8000000E-05  
 0.8000000E-05  
 0.8000000E-05  
 0.8000000E-05  
 0.8000000E-05  
 0.8000000E-05  
 0.8000000E-05  
 0.8000000E-05  
 0.8000000E-05  
 0.8000000E-05  
 0.8000000E-05  
 0.8000000E-05  
 0.8000000E-05  
 0.8000000E-05  
 0.8000000E-05  
 0.8000000E-05  
 0.8000000E-05  
 0.8000000E-05  
 0.8000000E-05  
 0.8000000E-05  
 0.8000000E-05  
 0.8000000E-05  
 0.8000000E-05  
 0.8000000E-05  
 0.8000000E-05  
 0.8000000E-05  
 0.8000000E-05  
 0.8000000E-05  
 0.8000000E-05  
 0.8000000E-05  
 0.8000000E-05  
 0.8000000E-05  
 0.8000000E-05  
 0.8000000E-05  
 0.8000000E-05  
 0.8000000E-05  
 0.8000000E-05  
 0.8000000E-05  
 0.8000000E-05  
 0.8000000E-05  
 0.8000000E-05  
 0.8000000E-05  
 0.8000000E-05  
 0.8000000E-05  
 0.8000000E-05  
 0.8000000E-05  
 0.8000000E-05  
 0.8000000E-05  
 0.8000000E-05  
 0.8000000E-05  
 0.8000000E-05  
 0.8000000E-05  
 0.8000000E-05  
 0.8000000E-05  
 0.8000000E-05  
 0.8000000E-05  
 0.8000000E-05  
 0.8000000E-05  
 0.8000000E-05  
 0.8000000E-05  
 0.8000000E-05  
 0.8000000E-05  
 0.8000000E-05  
 0.8000000E-05  
 0.8000000E-05  
 0.8000000E-05  
 0.8000000E-05  
 0.8000000E-05  
 0.8000000E-05  
 0.8000000E-05  
 0.8000000E-05  
 0.8000000E-05  
 0.8000000E-05  
 0.8000000E-05  
 0.8000000E-05  
 0.8000000E-05  
 0.8000000E-05  
 0.8000000E-05  
 0.8000000E-05  
 0.8000000E-05  
 0.8000000E-05  
 0.8000000E-05  
 0.8000000E-05  
 0.8000000E-05  
 0.8000000E-05  
 0.8000000E-05  
 0.8000000E-05  
 0.8000000E-05  
 0.8000000E-05  
 0.8000000E-05  
 0.8000000E-05  
 0.8000000E-05  
 0.8000000E-05  
 0.8000000E-05  
 0.8000000E-05  
 0.8000000E-05  
 0.8000000E-05  
 0.8000000E-05  
 0.8000000E-05  
 0.8000000E-05  
 0.8000000E-05  
 0.8000000E-05  
 0.8000000E-05  
 0.8000000E-05  
 0.8000000E-05  
 0.8000000E-05  
 0.8000000E-05  
 0.8000000E-05  
 0.8000000E-05  
 0.8000000E-05  
 0.8000000E-05  
 0.8000000E-05  
 0.8000000E-05  
 0.8000000E-05  
 0.8000000E-05  
 0.8000000E-05  
 0.8000000E-05  
 0.8000000E-05  
 0.8000000E-05  
 0.8000000E-05  
 0.8000000E-05  
 0.8000000E-05  
 0.8000000E-05  
 0.8000000E-05  
 0.8000000E-05  
 0.8000000E-05  
 0.8000000E-05  
 0.8000000E-05  
 0.8000000E-05  
 0.8000000E-05  
 0.8000000E-05  
 0.8000000E-05  
 0.8000000E-05  
 0.8000000E-05  
 0.8000000E-05  
 0.8000000E-05  
 0.8000000E-05  
 0.8000000E-05  
 0.8000000E-05  
 0.8000000E-05  
 0.8000000E-05  
 0.8000000E-05  
 0.8000000E-05  
 0.8000000E-05  
 0.8000000E-05  
 0.8000000E-05  
 0.8000000E-05  
 0.8000000E-05  
 0.8000000E-05  
 0.8000000E-05  
 0.8000000E-05  
 0.8000000E-05  
 0.8000000E-05  
 0.8000000E-05  
 0.8000000E-05  
 0.8000000E-05  
 0.8000000E-05  
 0.8000000E-05  
 0.8000000E-05  
 0.8000000E-05  
 0.8000000E-05  
