1.1E+1
9.0E+0
1.3E+1
2.0E+1
3.2E+1
5.9E+1
1.14E+2
2.09E+2
3.77E+2
5.87E+2
8.29E+2
1.069E+3
1.266E+3
1.454E+3
1.632E+3
1.808E+3
1.961E+3
2.093E+3
2.199E+3
2.281E+3
2.318E+3
2.32E+3
2.285E+3
2.241E+3
2.199E+3
2.148E+3
2.092E+3
2.026E+3
1.954E+3
1.88E+3
1.793E+3
1.705E+3
1.615E+3
1.533E+3
1.444E+3
1.354E+3
1.272E+3
1.183E+3
1.102E+3
1.028E+3
9.57E+2
8.87E+2
8.32E+2
7.72E+2
7.15E+2
6.63E+2
6.11E+2
5.6E+2
5.18E+2
4.77E+2
4.41E+2
4.06E+2
3.74E+2
3.44E+2
3.21E+2
2.95E+2
2.71E+2
2.52E+2
2.32E+2
2.12E+2
1.95E+2
1.8E+2
1.67E+2
1.55E+2
1.43E+2
1.31E+2
1.22E+2
1.11E+2
1.01E+2
9.3E+1
8.6E+1
7.8E+1
7.4E+1
6.8E+1
6.2E+1
5.7E+1
5.3E+1
4.7E+1
4.4E+1
4.1E+1
3.7E+1
3.4E+1
3.2E+1
2.9E+1
2.7E+1
2.5E+1
2.3E+1
2.1E+1
1.9E+1
1.7E+1
1.7E+1
1.5E+1
1.4E+1
1.3E+1
1.2E+1
1.1E+1
1.0E+1
9.0E+0
9.0E+0
8.0E+0
7.0E+0
7.0E+0
6.0E+0
6.0E+0
5.0E+0
5.0E+0
5.0E+0
4.0E+0
4.0E+0
4.0E+0
4.0E+0
