1.60000000E+4
1.60000000E+4
1.60000000E+4
1.60000000E+4
1.60000000E+4
1.60000000E+4
1.60000000E+4
1.60000000E+4
1.60000000E+4
1.60000000E+4
1.60000000E+4
1.60000000E+4
1.60000000E+4
1.60000000E+4
1.60000000E+4
1.60000000E+4
1.60000000E+4
1.60000000E+4
1.60000000E+4
1.60000000E+4
1.60000000E+4
1.60000000E+4
1.60000000E+4
1.60000000E+4
1.60000000E+4
1.60000000E+4
1.60000000E+4
1.60000000E+4
1.60000000E+4
1.60000000E+4
1.60000000E+4
1.60000000E+4
1.60000000E+4
1.60000000E+4
1.60000000E+4
1.60000000E+4
1.60000000E+4
1.60000000E+4
1.60000000E+4
1.60000000E+4
1.60000000E+4
1.60000000E+4
1.60000000E+4
1.60000000E+4
1.60000000E+4
1.60000000E+4
1.60000000E+4
1.60000000E+4
1.60000000E+4
1.60000000E+4
1.60000000E+4
1.60000000E+4
1.60000000E+4
1.60000000E+4
1.60000000E+4
1.60000000E+4
1.60000000E+4
1.60000000E+4
1.60000000E+4
1.60000000E+4
1.60000000E+4
1.60000000E+4
1.60000000E+4
1.60000000E+4
1.60000000E+4
1.60000000E+4
1.60000000E+4
1.60000000E+4
1.60000000E+4
1.60000000E+4
1.60000000E+4
1.60000000E+4
1.60000000E+4
1.60000000E+4
1.60000000E+4
1.60000000E+4
1.60000000E+4
1.60000000E+4
1.60000000E+4
1.60000000E+4
1.60000000E+4
1.60000000E+4
1.60000000E+4
1.60000000E+4
1.60000000E+4
1.60000000E+4
1.60000000E+4
1.60000000E+4
1.60000000E+4
1.60000000E+4
1.60000000E+4
1.60000000E+4
1.60000000E+4
1.60000000E+4
1.60000000E+4
1.60000000E+4
1.60000000E+4
1.60000000E+4
1.60000000E+4
1.60000000E+4
1.60000000E+4
1.60000000E+4
1.60000000E+4
1.60000000E+4
1.60000000E+4
1.60000000E+4
1.60000000E+4
1.60000000E+4
1.60000000E+4
1.60000000E+4
1.60000000E+4
1.60000000E+4
1.60000000E+4
1.60000000E+4
1.60000000E+4
1.60000000E+4
1.60000000E+4
1.60000000E+4
1.60000000E+4
1.60000000E+4
1.60000000E+4
1.60000000E+4
1.60000000E+4
1.60000000E+4
1.60000000E+4
1.60000000E+4
1.60000000E+4
1.60000000E+4
1.60000000E+4
1.60000000E+4
1.60000000E+4
1.60000000E+4
1.60000000E+4
1.60000000E+4
1.60000000E+4
1.60000000E+4
1.60000000E+4
1.60000000E+4
1.60000000E+4
1.60000000E+4
1.60000000E+4
1.60000000E+4
1.60000000E+4
1.60000000E+4
1.60000000E+4
1.60000000E+4
1.60000000E+4
1.60000000E+4
1.60000000E+4
1.60000000E+4
1.60000000E+4
1.60000000E+4
1.60000000E+4
1.60000000E+4
1.60000000E+4
1.54685824E+4
1.56389438E+4
1.58485234E+4
1.59482814E+4
1.57183891E+4
1.50453076E+4
1.4054896E+4
1.30004396E+4
1.21007582E+4
1.14206136E+4
1.08927216E+4
1.02982091E+4
9.35824752E+3
7.90839652E+3
6.17767223E+3
4.62195604E+3
3.5425402E+3
2.94067266E+3
2.6498156E+3
2.47069184E+3
2.29685205E+3
2.13047352E+3
2.0199882E+3
1.99595811E+3
2.0358401E+3
2.11977283E+3
2.22677976E+3
2.34618675E+3
2.47780794E+3
2.62018292E+3
2.77153268E+3
2.92787432E+3
3.09523529E+3
3.2697389E+3
3.45013718E+3
3.63682844E+3
3.83514972E+3
4.04024192E+3
4.25059153E+3
4.4702611E+3
4.69911786E+3
4.94648178E+3
5.20781236E+3
5.48536658E+3
5.77455082E+3
6.07417024E+3
6.38520726E+3
6.71427349E+3
7.06490042E+3
7.43435315E+3
7.80842602E+3
8.20087329E+3
8.62090869E+3
9.07471899E+3
9.56822544E+3
1.00423333E+4
1.04705556E+4
1.10110555E+4
1.14392778E+4
1.18518333E+4
1.22226111E+4
1.26665E+4
1.32017778E+4
1.37866667E+4
1.43558889E+4
1.49198889E+4
1.54708333E+4
1.59669444E+4
1.64787222E+4
1.70087778E+4
1.75179444E+4
1.8001E+4
1.84579445E+4
1.88678889E+4
1.92491111E+4
1.96851667E+4
2.02073889E+4
2.07766111E+4
2.13353889E+4
2.18210556E+4
2.21135E+4
2.22858333E+4
2.23041111E+4
2.22832222E+4
2.22336111E+4
2.21944445E+4
2.20978333E+4
2.19803333E+4
2.17923333E+4
2.16513333E+4
2.15364444E+4
2.15573333E+4
2.16304445E+4
2.17218333E+4
2.16722222E+4
2.13615E+4
2.07008889E+4
1.97635E+4
1.86825E+4
1.75571111E+4
1.65048333E+4
1.56144444E+4
1.47919445E+4
1.40295E+4
1.32853333E+4
1.26247222E+4
1.20293889E+4
1.1562E+4 
1.11468333E+4
1.08752778E+4
1.06037222E+4
1.02512222E+4
9.72638889E+3
8.93261113E+3
7.90905554E+3
6.66E+3
5.45925926E+3
4.31777778E+3
3.30296296E+3
2.44666667E+3
1.76222222E+3
1.33685185E+3
9.43888889E+2
6.60925926E+2
4.62777778E+2
3.07703704E+2
2.19851852E+2
1.56740741E+2
1.12814815E+2
7.76148148E+1
5.76148148E+1
4.28888889E+1
3.18E+1
2.35333333E+1
1.75555556E+1
1.30685185E+1
9.65740741E+0
7.1037037E+0
5.18518519E+0
3.75555556E+0
2.7E+0
1.92592593E+0
1.38703704E+0
9.98148148E-1
7.31481481E-1
5.33333333E-1
3.90740741E-1
3.0E-1
2.25925926E-1
1.75925926E-1
1.31481481E-1
1.09259259E-1
8.7037037E-2
7.40740741E-2
6.2962963E-2
5.14814815E-2
4.48148148E-2
4.03703704E-2
3.62962963E-2
3.18518519E-2
2.96296296E-2
2.81481481E-2
2.74074074E-2
2.66666667E-2
2.51851852E-2
2.22222222E-2
2.14814815E-2
2.07407407E-2
2.0E-2
1.96296296E-2
1.88888889E-2
1.88888889E-2
1.81481481E-2
1.77777778E-2
1.74074074E-2
1.62962963E-2
1.59259259E-2
1.55555556E-2
1.51851852E-2
1.44444444E-2
1.33333333E-2
1.33333333E-2
1.22222222E-2
1.18518519E-2
1.18518519E-2
1.14814815E-2
1.07407407E-2
1.03703704E-2
1.0E-2
9.62962963E-3
8.88888889E-3
9.25925926E-3
9.62962963E-3
9.25925926E-3
8.88888889E-3
8.51851852E-3
8.14814815E-3
8.14814815E-3
8.14814815E-3
7.77777778E-3
7.77777778E-3
7.03703704E-3
7.40740741E-3
7.40740741E-3
6.66666667E-3
6.66666667E-3
6.66666667E-3
6.66666667E-3
6.2962963E-3
5.92592593E-3
6.2962963E-3
5.92592593E-3
6.2962963E-3
6.2962963E-3
5.92592593E-3
5.55555556E-3
5.55555556E-3
6.2962963E-3
5.18518519E-3
5.55555556E-3
5.55555556E-3
5.55555556E-3
5.18518519E-3
5.18518519E-3
4.81481481E-3
4.81481481E-3
5.18518519E-3
4.81481481E-3
4.44444444E-3
4.07407407E-3
4.81481481E-3
5.18518519E-3
4.44444444E-3
4.81481481E-3
4.44444444E-3
4.81481481E-3
4.44444444E-3
4.44444444E-3
4.44444444E-3
3.7037037E-3
4.07407407E-3
4.07407407E-3
4.07407407E-3
4.07407407E-3
4.07407407E-3
4.44444444E-3
4.07407407E-3
3.7037037E-3
3.7037037E-3
4.07407407E-3
3.7037037E-3
4.07407407E-3
3.7037037E-3
3.7037037E-3
3.33333333E-3
3.7037037E-3
4.07407407E-3
3.7037037E-3
3.33333333E-3
2.96296296E-3
3.33333333E-3
3.33333333E-3
3.33333333E-3
3.33333333E-3
3.7037037E-3
2.96296296E-3
2.96296296E-3
2.59259259E-3
2.96296296E-3
2.96296296E-3
2.96296296E-3
2.59259259E-3
3.33333333E-3
2.59259259E-3
3.33333333E-3
2.96296296E-3
2.59259259E-3
2.96296296E-3
1.85185185E-3
2.22222222E-3
2.22222222E-3
2.59259259E-3
2.96296296E-3
3.33333333E-3
3.33333333E-3
2.22222222E-3
2.22222222E-3
1.85185185E-3
2.22222222E-3
2.96296296E-3
2.59259259E-3
3.7037037E-3
2.59259259E-3
2.22222222E-3
1.85185185E-3
1.85185185E-3
2.22222222E-3
2.59259259E-3
2.96296296E-3
2.96296296E-3
2.96296296E-3
1.85185185E-3
2.22222222E-3
1.85185185E-3
2.22222222E-3
2.96296296E-3
2.59259259E-3
2.59259259E-3
1.85185185E-3
1.48148148E-3
2.22222222E-3
1.85185185E-3
2.59259259E-3
2.22222222E-3
2.59259259E-3
2.22222222E-3
2.22222222E-3
1.48148148E-3
1.11111111E-3
1.85185185E-3
2.59259259E-3
2.96296296E-3
2.59259259E-3
1.85185185E-3
1.48148148E-3
1.11111111E-3
1.48148148E-3
1.85185185E-3
2.22222222E-3
2.59259259E-3
2.22222222E-3
1.85185185E-3
1.11111111E-3
1.11111111E-3
1.48148148E-3
1.85185185E-3
2.59259259E-3
2.22222222E-3
2.22222222E-3
1.11111111E-3
1.11111111E-3
7.40740741E-4
1.85185185E-3
2.59259259E-3
2.59259259E-3
2.22222222E-3
1.85185185E-3
1.11111111E-3
1.11111111E-3
1.85185185E-3
1.85185185E-3
2.59259259E-3
2.59259259E-3
2.59259259E-3
1.11111111E-3
7.40740741E-4
1.11111111E-3
1.48148148E-3
2.22222222E-3
2.59259259E-3
1.85185185E-3
2.22222222E-3
1.48148148E-3
1.11111111E-3
1.11111111E-3
1.48148148E-3
2.59259259E-3
2.59259259E-3
2.22222222E-3
1.85185185E-3
1.11111111E-3
1.11111111E-3
1.85185185E-3
1.48148148E-3
1.85185185E-3
1.85185185E-3
1.00000000E-8
1.00000000E-8
1.00000000E-8
1.00000000E-8
1.00000000E-8
1.00000000E-8
1.00000000E-8
1.00000000E-8
1.00000000E-8
1.00000000E-8
1.00000000E-8
1.00000000E-8
1.00000000E-8
1.00000000E-8
1.00000000E-8
1.00000000E-8
1.00000000E-8
1.00000000E-8
1.00000000E-8
1.00000000E-8
1.00000000E-8
1.00000000E-8
1.00000000E-8
1.00000000E-8
1.00000000E-8
1.00000000E-8
1.00000000E-8
1.00000000E-8
1.00000000E-8
1.00000000E-8
1.00000000E-8
1.00000000E-8
1.00000000E-8
1.00000000E-8
1.00000000E-8
1.00000000E-8
1.00000000E-8
1.00000000E-8
1.00000000E-8
1.00000000E-8
1.00000000E-8
1.00000000E-8
1.00000000E-8
1.00000000E-8
1.00000000E-8
1.00000000E-8
1.00000000E-8
1.00000000E-8
1.00000000E-8
1.00000000E-8
1.00000000E-8
1.00000000E-8
1.00000000E-8
1.00000000E-8
1.00000000E-8
1.00000000E-8
1.00000000E-8
1.00000000E-8
1.00000000E-8
1.00000000E-8
1.00000000E-8
1.00000000E-8
1.00000000E-8
1.00000000E-8
1.00000000E-8
1.00000000E-8
1.00000000E-8
1.00000000E-8
1.00000000E-8
1.00000000E-8
1.00000000E-8
1.00000000E-8
1.00000000E-8
1.00000000E-8
1.00000000E-8
1.00000000E-8
1.00000000E-8
1.00000000E-8
1.00000000E-8
1.00000000E-8
1.00000000E-8
1.00000000E-8
1.00000000E-8
1.00000000E-8
1.00000000E-8
1.00000000E-8
1.00000000E-8
1.00000000E-8
1.00000000E-8
1.00000000E-8
1.00000000E-8
1.00000000E-8
1.00000000E-8
1.00000000E-8
1.00000000E-8
1.00000000E-8
1.00000000E-8
1.00000000E-8
1.00000000E-8
1.00000000E-8
1.00000000E-8
1.00000000E-8
1.00000000E-8
1.00000000E-8
1.00000000E-8
1.00000000E-8
1.00000000E-8
1.00000000E-8
1.00000000E-8
1.00000000E-8
1.00000000E-8
1.00000000E-8
1.00000000E-8
1.00000000E-8
1.00000000E-8
1.00000000E-8
1.00000000E-8
1.00000000E-8
1.00000000E-8
1.00000000E-8
1.00000000E-8
1.00000000E-8
1.00000000E-8
1.00000000E-8
1.00000000E-8
1.00000000E-8
1.00000000E-8
1.00000000E-8
1.00000000E-8
1.00000000E-8
1.00000000E-8
1.00000000E-8
1.00000000E-8
1.00000000E-8
1.00000000E-8
1.00000000E-8
1.00000000E-8
1.00000000E-8
1.00000000E-8
1.00000000E-8
1.00000000E-8
1.00000000E-8
1.00000000E-8
1.00000000E-8
1.00000000E-8
1.00000000E-8
1.00000000E-8
1.00000000E-8
1.00000000E-8
1.00000000E-8
1.00000000E-8
1.00000000E-8
1.00000000E-8
1.00000000E-8
1.00000000E-8
1.00000000E-8
1.00000000E-8
1.00000000E-8
1.00000000E-8
1.00000000E-8
1.00000000E-8
1.00000000E-8
1.00000000E-8
1.00000000E-8
1.00000000E-8
1.00000000E-8
1.00000000E-8
1.00000000E-8
1.00000000E-8
1.00000000E-8
1.00000000E-8
1.00000000E-8
1.00000000E-8
1.00000000E-8
1.00000000E-8
1.00000000E-8
1.00000000E-8
1.00000000E-8
1.00000000E-8
1.00000000E-8
1.00000000E-8
1.00000000E-8
1.00000000E-8
1.00000000E-8
1.00000000E-8
1.00000000E-8
1.00000000E-8
1.00000000E-8
1.00000000E-8
1.00000000E-8
1.00000000E-8
1.00000000E-8
1.00000000E-8
1.00000000E-8
1.00000000E-8
1.00000000E-8
1.00000000E-8
1.00000000E-8
1.00000000E-8
1.00000000E-8
1.00000000E-8
1.00000000E-8
1.00000000E-8
1.00000000E-8
1.00000000E-8
1.00000000E-8
1.00000000E-8
1.00000000E-8
1.00000000E-8
1.00000000E-8
1.00000000E-8
1.00000000E-8
1.00000000E-8
1.00000000E-8
1.00000000E-8
1.00000000E-8
1.00000000E-8
1.00000000E-8
1.00000000E-8
1.00000000E-8
1.00000000E-8
1.00000000E-8
1.00000000E-8
1.00000000E-8
1.00000000E-8
1.00000000E-8
1.00000000E-8
1.00000000E-8
1.00000000E-8
1.00000000E-8
1.00000000E-8
1.00000000E-8
1.00000000E-8
1.00000000E-8
1.00000000E-8
1.00000000E-8
1.00000000E-8
1.00000000E-8
1.00000000E-8
1.00000000E-8
1.00000000E-8
1.00000000E-8
1.00000000E-8
1.00000000E-8
1.00000000E-8
1.00000000E-8
1.00000000E-8
1.00000000E-8
1.00000000E-8
1.00000000E-8
1.00000000E-8
1.00000000E-8
1.00000000E-8
1.00000000E-8
1.00000000E-8
1.00000000E-8
1.00000000E-8
1.00000000E-8
1.00000000E-8
1.00000000E-8
1.00000000E-8
1.00000000E-8
1.00000000E-8
1.00000000E-8
1.00000000E-8
1.00000000E-8
1.00000000E-8
1.00000000E-8
1.00000000E-8
1.00000000E-8
1.00000000E-8
1.00000000E-8
1.00000000E-8
1.00000000E-8
1.00000000E-8
1.00000000E-8
1.00000000E-8
1.00000000E-8
1.00000000E-8
1.00000000E-8
1.00000000E-8
1.00000000E-8
1.00000000E-8
1.00000000E-8
1.00000000E-8
1.00000000E-8
1.00000000E-8
1.00000000E-8
1.00000000E-8
1.00000000E-8
1.00000000E-8
1.00000000E-8
1.00000000E-8
1.00000000E-8
1.00000000E-8
1.00000000E-8
1.00000000E-8
1.00000000E-8
1.00000000E-8
1.00000000E-8
1.00000000E-8
1.00000000E-8
1.00000000E-8
1.00000000E-8
1.00000000E-8
1.00000000E-8
1.00000000E-8
1.00000000E-8
1.00000000E-8
1.00000000E-8
1.00000000E-8
1.00000000E-8
1.00000000E-8
1.00000000E-8
1.00000000E-8
1.00000000E-8
1.00000000E-8
1.00000000E-8
1.00000000E-8
1.00000000E-8
1.00000000E-8
1.00000000E-8
1.00000000E-8
1.00000000E-8
1.00000000E-8
1.00000000E-8
1.00000000E-8
1.00000000E-8
1.00000000E-8
1.00000000E-8
1.00000000E-8
1.00000000E-8
1.00000000E-8
1.00000000E-8
1.00000000E-8
1.00000000E-8
1.00000000E-8
1.00000000E-8
1.00000000E-8
1.00000000E-8
1.00000000E-8
1.00000000E-8
1.00000000E-8
1.00000000E-8
1.00000000E-8
1.00000000E-8
1.00000000E-8
1.00000000E-8
1.00000000E-8
1.00000000E-8
1.00000000E-8
1.00000000E-8
1.00000000E-8
1.00000000E-8
1.00000000E-8
1.00000000E-8
1.00000000E-8
1.00000000E-8
1.00000000E-8
1.00000000E-8
1.00000000E-8
1.00000000E-8
1.00000000E-8
1.00000000E-8
1.00000000E-8
1.00000000E-8
1.00000000E-8
1.00000000E-8
1.00000000E-8
1.00000000E-8
1.00000000E-8
1.00000000E-8
1.00000000E-8
1.00000000E-8
1.00000000E-8
1.00000000E-8
1.00000000E-8
1.00000000E-8
1.00000000E-8
1.00000000E-8
1.00000000E-8
1.00000000E-8
1.00000000E-8
1.00000000E-8
1.00000000E-8
1.00000000E-8
1.00000000E-8
1.00000000E-8
1.00000000E-8
1.00000000E-8
1.00000000E-8
1.00000000E-8
1.00000000E-8
1.00000000E-8
1.00000000E-8
1.00000000E-8
1.00000000E-8
1.00000000E-8
1.00000000E-8
1.00000000E-8
