2.491569E+3
2.000000E+3
3.000000E+3
2.000000E+3
3.000000E+3
2.000000E+3
3.000000E+3
3.731359E+3
2.268410E+3
1.668279E+3
1.128593E+3
1.699276E+3
1.996225E+3
1.681816E+3
2.583134E+3
2.985977E+3
4.705144E+3
1.776740E+4
2.008184E+4
2.386106E+4
3.029847E+4
3.724474E+4
4.796860E+4
6.146415E+4
9.336291E+4
1.285618E+5
1.809815E+5
2.623969E+5
3.488149E+5
4.313447E+5
5.334349E+5
6.133079E+5
6.807874E+5
7.347736E+5
7.504523E+5
7.654631E+5
7.796166E+5
7.701384E+5
7.857997E+5
7.864601E+5
7.914010E+5
8.186333E+5
8.651479E+5
9.138133E+5
9.631578E+5
1.047602E+6
1.104897E+6
1.178694E+6
1.238996E+6
1.307071E+6
1.357995E+6
1.396150E+6
1.418358E+6
1.434994E+6
1.418615E+6
1.408010E+6
1.402884E+6
1.385213E+6
1.365237E+6
1.337590E+6
1.313946E+6
1.311896E+6
1.290405E+6
1.290516E+6
1.284879E+6
1.266793E+6
1.258319E+6
1.258555E+6
1.236774E+6
1.229668E+6
1.218620E+6
1.189731E+6
1.180896E+6
1.147229E+6
1.120760E+6
1.091347E+6
1.054415E+6
1.027652E+6
9.922756E+5
9.558809E+5
9.225393E+5
9.001633E+5
8.700578E+5
8.486279E+5
8.175554E+5
7.806157E+5
7.583263E+5
7.293269E+5
6.998508E+5
6.842393E+5
6.537245E+5
6.390617E+5
6.226481E+5
6.035663E+5
5.812129E+5
5.695968E+5
5.625001E+5
5.458293E+5
5.228934E+5
5.068784E+5
4.955812E+5
4.763391E+5
4.673295E+5
4.412142E+5
4.329993E+5
4.126959E+5
3.977202E+5
3.843365E+5
3.701164E+5
3.515330E+5
3.322383E+5
3.202162E+5
3.075113E+5
2.947535E+5
2.792467E+5
2.651490E+5
2.608061E+5
2.497721E+5
2.404445E+5
2.322292E+5
2.240207E+5
2.128131E+5
2.055874E+5
1.977607E+5
1.921283E+5
1.809919E+5
1.704624E+5
1.645748E+5
1.522667E+5
1.468351E+5
1.392673E+5
1.337892E+5
1.295767E+5
1.218711E+5
1.198502E+5
1.085800E+5
1.040281E+5
9.706843E+4
9.504345E+4
9.304584E+4
8.707676E+4
8.501948E+4
8.350552E+4
7.852191E+4
7.445893E+4
7.091551E+4
6.924147E+4
6.492898E+4
6.076309E+4
5.835440E+4
5.508937E+4
5.256326E+4
5.169590E+4
4.852726E+4
4.601305E+4
4.367457E+4
4.235930E+4
4.181752E+4
3.830580E+4
3.552037E+4
3.564075E+4
3.141043E+4
3.179326E+4
3.108875E+4
2.826672E+4
2.796465E+4
2.667121E+4
2.510032E+4
2.463438E+4
2.425507E+4
2.220063E+4
2.255609E+4
2.250713E+4
1.933739E+4
1.810627E+4
1.751393E+4
1.646587E+4
1.555808E+4
1.463768E+4
1.422519E+4
1.489114E+4
1.397283E+4
1.330187E+4
1.249263E+4
1.154321E+4
1.051345E+4
1.062538E+4
1.071258E+4
1.035634E+4
1.008158E+4
8.707001E+3
1.298872E+4
1.189013E+4
1.054593E+4
1.078396E+4
9.760607E+3
9.103102E+3
1.000985E+4
9.348288E+3
8.695229E+3
7.993029E+3
7.653386E+3
7.967154E+3
7.347379E+3
7.055765E+3
6.075530E+3
6.278011E+3
6.101270E+3
5.829932E+3
5.656329E+3
5.545053E+3
5.102083E+3
5.067161E+3
4.713311E+3
4.760407E+3
4.396194E+3
4.632257E+3
3.667182E+3
3.890961E+3
3.143571E+3
3.650913E+3
3.121088E+3
3.202841E+3
3.244058E+3
2.864281E+3
2.823236E+3
2.987799E+3
2.129681E+3
2.293232E+3
2.420640E+3
1.981213E+3
1.715863E+3
1.963347E+3
2.086624E+3
1.782400E+3
1.633556E+3
1.550428E+3
1.660027E+3
1.490681E+3
1.269722E+3
1.379117E+3
1.490579E+3
1.284864E+3
1.260574E+3
1.390446E+3
1.297242E+3
1.379317E+3
1.426836E+3
1.385018E+3
1.199201E+3
1.244328E+3
1.275204E+3
7.861837E+2
7.195183E+2
1.005531E+3
8.070565E+2
1.176922E+3
9.164434E+2
5.941011E+2
8.521046E+2
4.460099E+2
8.474685E+2
7.942131E+2
4.379348E+2
7.074046E+2
4.861193E+2
7.390098E+2
7.664858E+2
4.996723E+2
4.391723E+2
7.008336E+2
5.331421E+2
4.509085E+2
6.744907E+2
7.474048E+2
7.988372E+2
4.660874E+2
7.429897E+2
2.676699E+2
1.770819E+2
3.650730E+2
5.329386E+2
3.956908E+2
2.070723E+2
6.201701E+2
5.030892E+2
6.295116E+2
5.363839E+2
5.909382E+2
2.429928E+2
6.766118E+2

